x-coordinates
576887.532
576794.483
576697.803
576887.177
576802.648
576758.079
576715.751
576683.246
576642.909
576593.983
576598.600
576860.279
576682.002
576834.927
576951.559
576997.702
577041.676
577089.049
577141.530
576725.984
576920.086
576992.072
577025.450
577079.612
577146.634
576922.561
576597.768
576617.442
576612.573
576678.717
576718.014
576741.981
576746.290
576645.870
576760.069
576739.248
576772.746
576714.098
576710.246
576726.675
576830.684
576799.210
576791.647
576785.142
576768.320
576755.454
576821.969
576840.524
576828.370
576771.493
576816.093
576848.725
576837.217
576845.449
576900.740
576954.975
577060.000
577073.439
576821.595
576719.792
576804.399
576826.732
576846.022
576899.715
577006.505
576896.816
576842.301
576806.954
576801.823
576760.223
577067.562
577053.199
577053.254
577053.696
577058.065
577061.031
577058.774
577001.580
576793.789
576789.380
576796.203
576828.360
576840.229
576886.781
576901.061
576803.799
576790.284
576798.898
576707.391
576945.184
576707.479
576858.928
576924.438
576871.628
576938.634
576817.487
576956.354
576831.393
576712.183
576759.351
576727.654
576952.274
576822.819
576874.429
576883.751
576889.790
576844.693
576903.293
576921.121
576936.824
576905.814
577041.035
576899.863
577010.497
576865.546
576777.461
577026.522
576575.056
576595.159
576641.934
576649.570
576681.708
576550.978
576673.980
576624.557
576646.694
576571.146
576499.961
576560.449
576611.433
576642.921
576661.160
576703.632
576737.103
576765.334
576529.974
576543.959
576514.727
576522.839
576593.804
577064.698
576766.820
577085.593
576784.136
576796.961
576670.317
576631.623
576793.648
576626.945
576585.447
576587.389
576618.203
576650.896
576696.807
577099.427
577048.217
577144.968
577171.001
577111.717
577025.513
576918.336
576783.655
576758.777
576734.528
577054.524
576679.118
576770.840
y-cordinates
2316955.202
2316882.930
2316816.080
2316964.668
2316898.817
2316865.973
2316836.433
2316815.196
2316789.539
2316758.640
2316753.154
2316943.288
2316645.965
2316922.604
2317017.038
2317053.359
2317088.593
2317126.684
2317169.584
2316575.946
2316991.478
2317039.006
2317065.459
2317109.940
2317163.095
2316984.385
2316839.807
2316733.115
2316882.110
2316895.960
2316893.967
2316887.166
2316880.599
2316694.741
2316899.375
2316963.751
2316931.023
2317140.168
2316991.575
2316747.672
2317034.066
2317024.468
2317019.298
2317015.287
2317000.143
2316986.097
2317033.092
2317013.945
2316971.888
2317045.290
2317050.803
2317060.101
2317120.119
2317071.394
2317099.562
2317105.975
2317184.889
2317152.566
2316827.892
2317158.762
2317178.979
2317184.846
2317187.664
2317191.507
2317188.291
2317271.399
2317263.713
2317225.844
2317202.180
2317201.144
2317301.664
2317424.323
2317464.528
2317486.590
2317602.541
2317676.774
2317343.908
2317498.855
2317512.147
2317558.842
2317471.779
2317451.259
2317448.841
2317465.207
2317499.689
2317602.043
2317561.992
2317580.698
2317554.162
2316904.945
2317557.009
2317586.395
2317544.002
2317581.434
2317545.592
2317603.557
2317590.511
2317647.244
2317782.406
2317680.122
2317745.294
2317758.898
2317884.747
2317833.244
2317824.045
2317818.085
2317862.784
2317949.971
2317847.631
2317900.558
2317868.440
2316992.055
2317954.750
2317010.691
2317923.569
2317841.212
2316982.375
2317961.294
2317951.169
2317900.345
2317888.181
2317833.834
2317982.336
2317928.250
2317872.388
2317987.117
2317916.873
2318000.728
2318010.884
2318036.257
2318049.546
2318060.143
2318078.338
2318090.687
2318100.890
2318001.353
2317998.956
2318064.883
2318043.309
2318098.748
2317009.265
2318040.363
2316940.996
2318077.412
2318114.134
2318133.624
2318144.534
2318116.185
2318151.609
2318185.728
2318186.664
2318201.518
2318217.278
2318146.444
2317232.975
2317032.601
2317061.539
2317036.859
2316873.328
2316756.971
2316678.997
2316604.184
2316590.970
2316556.377
2317765.483
2318230.882
2316573.077



